1492149150 10878128
1492153629 10878127
1492391918 10878309
1492396536 10878289
1492427871 11189232
1492428955 11191529
1492429801 11191529
1492507497 11194838
1492508229 11194838
1492571533 11194841
1492602897 11194916
1492604714 11194918
1492650649 11194923
1492746567 11192372
1492750584 11192372
1492763045 11170295
1492999661 11170295
1493000106 11170295
1493000624 11170183
1493003373 11170179
1493031133 11168611
1493090820 11168597
1493107066 11168592
1493111477 11168590
1493116352 11168591
1493116817 11168592
1493283414 11172116
1493283600 11172116
1493285001 11172116
1493286506 11172123
1493291400 11172117
1493380059 11174145
1493380748 11174145
1493382413 11174146
1493804885 11172466
1493808668 11172482
1493894803 11172816
1493977002 11173144
1493983531 11173145
1493983607 11173145
1494211101 11173155
1494227281 11173198
1494240237 11173235
1494241678 11173178
1494301971 11173178
1494307690 11173196
1494322217 11173180
1494401041 11173233
1494404480 11173219
1494414906 11173233
1494493153 11173247
1494493890 11173247
1494500654 11173506
1494501672 11173506
1494560481 11173533
1494820031 11173541
1495074644 11286189
1495078242 11286189
1495085527 11286201
1495087058 11286212
1495092654 11286212
1495093394 11286211
1495174873 11286250
1495181860 11286271
1495182020 11286272
1495184750 11286285
1495185857 11286285
1495186353 11286285
1495193288 11286293
1495247500 11286274
1495266559 11286286
1495269884 11286259
1495419105 11286275
1495437253 11286282
1495442902 11286286
1495449288 11286286
1495516954 11286251
1495606292 11286582
1495611059 11286585
1495760970 11708719
1495765296 11708719
1495786082 11708722
1495864136 11708809
1495866096 11708809
1495868645 11708809
1495868976 11708809
1496194955 11708809
1496227674 11708824
1496231505 11708824
1496232789 11708824
1496286049 11708824
1496305896 11708833
1496366806 11708833
1496374566 11707058
1496375775 11707058
1496390290 11707076
1496394209 11707085
1496396572 11707099
1496627176 11707106
1496643419 11707107
1496645585 11707146
1496647525 11707151
1496656386 11707149
1496665729 11707149
1496723161 11707149
1496727710 11707176
1496733022 11707181
1496738273 11707193
1496738876 11707193
1496804298 11707195
1496813138 11707204
1496832714 11707205
1496914828 11710509
1496918813 11710509
1496971886 11710509
1496999457 11710514
1497001064 11710512
1497252244 11710512
1497259072 11710474
1497316297 11710476
1497322668 11710478
1497331833 11710479
1497347146 11710446
1497353374 11710449
1497403617 11710449
1497404388 11710449
1497404655 11710449
1497497119 11598023
1497515295 11576589
1497675018 11576597
1497677247 11576598
1497677647 11576598
1497841825 11576585
1497843516 11576585
1497857659 11576586
1497930031 11576585
1497930079 11576585
1497961524 11576556
1497961700 11576556
1497961863 11576556
1497961944 11576556
1498006551 11576556
1498013328 11470122
1498015501 11470122
1498015881 11462230
1498016748 11462230
1498018536 11308156
1498020769 11308152
1498021734 11277906
1498032129 11277912
1498033552 11277912
1498042566 11277912
1498044021 11277763
1498096022 11277767
1498101729 11277663
1498101735 11287284
1498102352 11277767
1498105662 11277664
1498128994 11277767
1498130183 2728793
1498131139 2728793
1498134000 2728743
1498201309 2728793
1498201348 2728793
1498201434 11277767
1498203052 11330752
1498203813 11345196
1498205997 11345131
1498207342 11345131
1498210190 2745063
1498211977 2723258
1498213445 2723258
1498215272 2722040
1498216047 2721972
1498273790 2721972
1498274368 2708600
1498275364 2708646
1498279188 2714944
1498281257 2715688
1498284172 2715783
1498285540 2715793
1498286701 2715793
1498287502 2715793
1498537872 2715793
1498542052 2715794
1498553547 2715792
1498619167 2715792
1498636600 2715881
1498651408 2715881
1498713753 2715881
1498825751 2715881
1498897183 2715881
1499046638 2715881
1499079624 2715881
1499134784 2715902
1499134924 2715902
1499135336 2715902
1499135421 2715902
1499143000 2715902
1499144874 2715902
1499145613 2715902
1499145905 2715902
1499148069 2715902
1499148723 2715902
1499148764 2715902
1499151713 2715902
1499153393 2715902
1499238901 2715902
1499239833 2715902
1499243212 2715958
1499250174 2715962
1499492617 2715962
1499498063 2715961
1499661004 2715969
1499671395 2715953
1499735421 2715953
1499756036 2715955
1499760646 2715954
1499764779 2715969
1499828296 2715970
1499830110 2715971
1499831095 2715971
1499836134 2716017
1499837465 2716020
1499840963 2716021
1499841540 2716021
1499852112 2716021
1499854848 2716025
1499855875 2716025
1499862386 2715965
1499943005 2715969
1499944235 2715969
1499948485 2715970
1499948673 2715970
1500019333 2716063
1500021941 2716063
1500115168 2716063
1500263136 2716063
1500343400 2716058
1500356554 2716063
1500458159 2716063
1500458989 2716068
1500462254 2716073
1500465519 2719286
1500514995 2719354
1500520157 2719326
1500538932 2719327
1500539010 2719327
1500606494 2719328
1500607562 2719328
1500609595 2719327
1500620265 2719336
1500636262 2719336
1500636857 2719336
1500637947 2719336
1500637984 2719112
1500638829 2719112
1500638877 2719015
1500702752 2719019
1500706305 2719047
1500863163 2719049
1500864680 2719050
1500873946 2719046
1500899728 2719074
1500964399 2719073
1500964737 2719073
1500966420 2719073
1500967880 2719073
1500968420 2719073
1500969185 2719073
1500983068 2719073
1500983387 2719073
1501053899 2719073
1501135270 2719073
1501138404 2719073
1501207537 2719029
1501209033 2719041
1501209604 2719046
1501210082 2719041
1501227890 2719046
1501241132 2719052
1501297033 2728364
1501471884 2728367
1501490642 2728392
1501490696 2728392
1501496993 2728392
1501498158 2728392
1501500389 2728392
1501546968 2728392
1501548490 2728392
1501548929 2728392
1501549454 2728374
1501556329 2728374
1501561303 2728442
1501562382 2728443
1501562734 2728442
1501566374 2728442
1501575925 2728442
1501586787 2728442
1501729994 2728442
1501749892 2728442
1501753204 2728442
1501825893 2728480
1501827125 2728480
1501843416 2728611
1501844708 2728611
1501845001 2728609
1501846047 2728609
1501846883 2728609
1501908861 2728609
1502246028 2728610
1502259486 2728639
1502259849 2728639
1502268957 2728627
1502273877 2728634
1502274080 2728634
1502274133 2728634
1502274363 2728634
1502275389 2728633
1502276446 2728624
1502277281 2728624
1502343259 2728611
1502347332 3070198
1502363440 3070198
1502418118 3070198
1502419365 3070198
1502419610 3070198
1502422240 3070208
1502441074 3070210
1502505546 3070211
1502505770 3070212
1502505896 3070212
1502764258 3070212
1502764747 3034639
1502765147 3090586
1502766553 3092593
1502766737 3092593
1502766825 3092594
1502774093 3092607
1502777979 3134614
1502784898 3134731
1502787344 3133717
1502790521 3133717
1502792840 3133718
1502867994 3133716
1502868114 3133716
1502949254 3133979
1502950407 3133842
1502959509 3128473
1502965321 3128472
1502966999 3128511
1503018716 3128512
1503045538 3128512
1503289040 3128528
1503293307 3128529
1503297371 3128526
1503366235 3128529
1503388614 3128548
1503399903 3128522
1503635079 3128681
1503636028 3128686
1503636914 3128685
1503640667 3128684
1503644489 3128684
1503644628 3128686
1503649236 3128692
1503649790 3128692
1503655447 3128695
1503663326 3128701
1503711739 3128707
1503713020 3128712
1503716251 3128935
1503734553 3128767
1503751382 3128771
1503753181 3128693
1503891274 3128726
1503893381 3128723
1503894352 3128723
1503899875 3128726
1503899948 3087696
1503911606 3087692
1503999561 3087699
1504059113 3087730
1504062247 3087731
1504062924 3087731
1504064208 3087731
1504064450 3087582
1504064732 3087583
1504074326 3087670
1504078465 3087676
1504080066 3087672
1504081800 3087672
1504084808 3087676
1504084950 3087676
1504085379 3087678
1504088177 3087668
1504091535 3087678
1504091599 3129719
1504095183 3129721
1504144265 3129721
1504152961 3129721
1504153483 3129723
1504157563 3129111
1504159706 3129111
1504175171 3129111
1504176022 3129111
1504177164 3129111
1504179428 3129111
1504228629 3129111
1504230205 3129118
1504232806 3131558
1504235838 3131526
1504237245 3131543
1504237492 3131558
1504243808 3131560
1504243903 3131560
1504252457 3131473
1504252525 3131473
1504252730 3131476
1504253187 3131485
1504258420 3131801
1504260129 3131796
1504260302 3131776
1504262709 3132763
1504266336 3133374
1504268167 3133628
1504323245 3133628
1504323566 3133593
1504326468 3133771
1504327622 3134252
1504328361 3134355
1504336794 3134182
1504336845 3134079
1504337560 3134079
1504338553 3134079
1504338921 3133974
1504498317 3134035
1504499237 3134035
1504508546 3134052
1504511526 3134044
1504518448 3134073
1504519334 3134069
1504520573 3134084
1504525891 3134087
1504574321 3134086
1504582892 3133629
1504584623 3133637
1504591478 3133650
1504604089 3133230
1504605378 3133264
1504614699 3133147
1504614874 3133149
1504660484 3133535
1504661000 3133502
1504669463 3133549
1504685675 3133787
1504690678 3133842
1504762932 3133837
1504765817 3133833
1504839872 3134878
1504860721 3134837
1504864961 3134878
1504874168 3134398
1504943036 3134120
1504944411 3134125
1505095744 3134123
1505096981 3134134
1505099947 3134128
1505102183 3134313
1505109511 3134525
1505112196 3134525
1505200200 3134919
1505200449 3135531
1505221490 3151342
1505221504 3151298
1505722185 3152326
1505722690 3150306
1505905941 3162445
1505907501 3163518
1505980880 3165203
1505981465 3132631
1505998020 3167817
1505998988 3162204
1506001936 3162263
1506043469 3118060
1506045948 3162270
1506046034 3104195
1506047934 3162243
1506048249 3144675
1506049329 3104483
1506051464 3104483
1506051931 3104483
1506052404 3104502
1506059320 3096828
1506060003 3096823
1506066569 3096899
1506066590 3096876
1506068206 3096941
1506069125 3101200
1506070869 3096955
1506070982 3101200
1506072022 3097382
1506072423 3097317
1506073559 3097315
1506073982 3097321
1506079349 3101197
1506080007 3101213
1506080091 3101213
1506081387 3100870
1506081681 3100866
1506081780 3100866
1506082279 3100866
1506082622 3100870
1506083339 3100870
1506303786 3098345
1506304789 3098319
1506305422 3098241
1506305786 3098244
1506305986 3098238
1506306508 3098319
1506306883 3098319
1506307932 3098318
1506318351 3098330
1506320067 3098335
1506324736 3098366
1506324864 3098354
1506327966 3098593
1506332648 3098597
1506336850 3098729
1506337722 3098730
1506338367 3098730
1506340660 3098892
1506341026 3098896
1506395870 3098908
1506397810 3098907
1506403958 3098908
1506409438 3098902
1506412539 3098913
1506412823 3061043
1506413350 3099574
1506413580 3061043
1506417476 3061033
1506419077 3060682
1506419717 3060682
1506424164 3060811
1506425169 3060812
1506479033 3060890
1506483682 3060897
1506486390 3060924
1506486991 3060922
1506487203 3060922
1506494897 3061167
1506497887 3058535
1506498289 3058536
1506502538 3059255
1506503074 3058522
1506515307 3059255
1506560046 3059260
1506560822 3059397
1506566359 3059414
1506568810 3059577
1506570228 3059693
1506578595 3059680
1506580482 3059919
1506581184 3059910
1506585163 3059890
1506589587 3059874
1506596583 3059873
1506596977 3060427
1506648552 3060459
1506650402 3060451
1506656894 3060453
1506678358 3060453
1506746103 3055135
1506747065 3055134
1506747529 3055134
1506752458 3055138
1506752561 3055135
1506753112 3055135
1506755037 3056561
1506755657 3056561
1506756429 3056560
1506764802 3056583
1506766779 3061936
1506767313 3061936
1506767870 3061936
1506773758 3061918
1507538165 3062298
1507541256 3062427
1507602835 3062568
1507603201 3062557
1507605979 3062568
1507606956 3062568
1507607993 3062571
1507608454 3062570
1507614027 3062953
1507614447 3062967
1507616012 3062970
1507617695 3062979
1507620916 3060581
1507621151 3060581
1507622480 3060974
1507622631 3060974
1507626461 3061168
1507628480 3061091
1507629442 3061091
1507689943 3061121
1507690701 3061120
1507693325 3061125
1507693448 3061136
1507693626 3061157
1507716235 3061176
1507719201 3061180
1507720354 3061183
1507720423 3061183
1507720616 3061183
1507721847 3061218
1507726247 3071496
1507772010 3061230
1507772379 3071501
1507772479 3071502
1507788180 3071706
1507791419 3073156
1507798124 3071774
1507799127 3071714
1507799595 3071715
1507801265 3071705
1507802082 3071697
1507802178 3071672
1507802870 3071648
1507807854 3071648
1507807921 3071646
1507808623 3071657
1507857222 3073725
1507861617 3071657
1507862415 3071654
1507862760 3071641
1507864247 3073713
1507864913 3073731
1507867659 3073729
1507867906 3073729
1507867967 3073729
1507874070 3073715
1507882507 3073597
1507882736 3073596
1507885234 3065257
1507885839 3073598
1507886289 3065257
1507887288 3073602
1507888653 3073602
1507888750 3073602
1507890183 3073602
1507891294 3073601
1507960616 3073434
1507961224 3073783
1507963539 3073784
1507964587 3073784
1507965257 3073417
1507965423 3073669
1507966551 3073667
1507966639 3073667
1507969591 3073666
1507969624 3068320
1507970040 3067441
1507972170 3067441
1508045705 3065274
1508118852 3067093
1508120156 3067093
1508121686 3067085
1508123875 3067060
1508125681 3067530
1508132004 3067741
1508132488 3067714
1508133545 3072237
1508135890 3067717
1508137112 3067705
1508137665 3067700
1508137902 3065226
1508138798 3064817
1508139032 3064815
1508144475 3064854
1508145631 3064852
1508145696 3065128
1508146100 3065128
1508146678 3065128
1508148030 3065128
1508148367 3065128
1508154346 3072268
1508201710 3072307
1508203528 3072992
1508204875 3072992
1508207069 3073007
1508207331 3073007
1508208447 3073008
1508210138 3072986
1508210767 3072917
1508212011 3073235
1508220817 3073242
1508223098 3073271
1508229213 3073455
1508229571 3073464
1508231249 3073472
1508232708 3073515
1508233414 3073516
1508233474 3073656
1508234079 3073787
1508235033 3073781
1508241567 3073895
1508242960 3073895
1508291058 3074114
1508291316 3062775
1508292147 3074197
1508295911 3074228
1508297221 3074220
1508297713 3074278
1508312162 3074481
1508312914 3075105
1508313426 3074594
1508313514 3075109
1508315929 3075107
1508316087 3075162
1508317187 3062882
1508318826 3075163
1508319899 3075163
1508320287 3075162
1508320474 3075162
1508324722 3075329
1508328925 3075340
1508329391 3075349
1508375455 3075349
1508375973 3076194
1508378870 3068335
1508379272 3068335
1508379782 3068335
1508382923 3068170
1508383303 3068172
1508383462 3068172
1508384095 3068172
1508386296 3068148
1508386647 3068148
1508387503 3068148
1508394232 3068147
1508394239 3068147
1508395544 3068121
1508395625 3068121
1508395936 3062775
1508397403 3062783
1508398154 3062772
1508402253 3062951
1508403037 3062951
1508405199 3064728
1508411672 3064728
1508419110 3064899
1508419192 3064763
1508461445 3064895
1508465244 3065047
1508469003 3065037
1508472493 3064898
1508473531 3064813
1508474494 3064813
1508479291 3064817
1508480536 3064817
1508481983 3064633
1508486549 3066037
1508487221 3064616
1508488045 3064576
1508491531 3064576
1508492942 3064355
1508721697 3064355
1508726880 3064362
1508727830 3064363
1508728494 3064372
1508729169 3064372
1508731133 3064380
1508731941 3064380
1508738347 3064380
1508739686 3064373
1508741604 3063089
1508750518 3063107
1508752500 3063111
1508757699 3063113
1508760018 3063016
1508760765 3063015
1508806436 3063045
1508807700 3063058
1508808741 3063077
1508823421 3063065
1508830469 3063078
1508832487 3063083
1508834597 3063078
1508835677 3063078
1508842910 3063015
1508844094 3063018
1508844601 3063018
1508847787 3062986
1508847879 3062986
1508898434 3062987
1508902931 3062987
1508906046 3062970
1508907726 3062968
1508910032 3062968
1508911403 3062968
1508925846 3063293
1508928248 3063293
1508934832 3063209
1508979877 3063209
1508980537 3063209
1508981684 3063331
1508984359 3063329
1508985546 3063475
1508987571 3063477
1508987652 3063653
1508988007 3063479
1508988339 3063653
1508988863 3063655
1508990871 3063708
1508992069 3063706
1508992145 3063706
1508994007 3063706
1508994258 3063707
1508995077 3060417
1508995149 3059675
1508995883 3059677
1508996451 3059677
1508997035 3059674
1508997470 3059677
1508997938 3059677
1508998182 3059676
1508998668 3059677
1509000047 3059677
1509000125 3059676
1509003770 3059681
1509011981 3059655
1509012186 3059656
1509013360 3059660
1509015637 3059659
1509015879 3059659
1509015949 3059659
1509016415 3059633
1509016825 3059637
1509017080 3059636
1509018077 3059636
1509020450 3059717
1509020706 3059717
1509021369 3059717
1509069376 3059714
1509072358 3059716
1509074178 3059716
1509075620 3059716
1509083227 3059743
1509090664 3059757
1509090974 3059757
1509092357 3059757
1509092477 3059759
1509095692 3059759
1509096024 3059759
1509096869 3059771
1509098178 3059771
1509103534 3059766
1509104625 3059768
1509104714 3059768
1509104835 3059768
1509105224 3059768
1509107151 3059768
1509107855 3059768
1509159970 3059780
1509162232 3059781
1509177641 3059708
1509177736 3059781
1509181731 3059772
1509190851 3059772
1509194940 3059772
1509415399 3059784
1509415544 3059784
1509417754 3059786
1509421018 3059705
1509422853 3059705
1509433395 3208498
1509433913 3208498
1510106138 3209955
1510113301 3209918
1510122142 3209932
1510122636 3209928
1510122770 3209928
1510129238 3260183
1510131060 3260183
1510133193 3260188
1510134021 3260288
1510134604 3260296
1510134948 3260300
1510135252 3260302
1510135995 3260318
1510138023 3260342
1510141509 3260345
1510141563 3260346
1510143260 3260346
1510194040 3260346
1510194762 3260348
1510195413 3260348
1510196714 3260349
1510199781 3260349
1510205853 3260350
1510207370 3260350
1510207706 3260358
1510208091 3260357
1510208696 3260364
1510208780 3260364
1510214587 3260420
1510215388 3260426
1510215929 3260437
1510216070 3260437
1510217278 3260508
1510218612 3260507
1510218849 3260509
1510220137 3260516
1510220873 3260503
1510279154 3260499
1510279426 3260499
1510280272 3260499
1510280312 3260499
1510281762 3260516
1510282669 3260520
1510283339 3260537
1510284315 3260558
1510286479 3260558
1510297267 3260508
1510298398 3260496
1510299462 3260495
1510300856 3260498
1510301856 3260455
1510303816 3260455
1510304624 3260455
1510308104 3260457
1510313665 3260461
1510315946 3260461
1510366245 3260474
1510379430 3260484
1510383126 3260487
1510385785 3260478
1510536645 3260478
1510539705 3260478
1510541595 3260477
1510541972 3260475
1510544700 3260481
1510554652 3260194
1510560107 3259452
1510564898 3400631
1510566037 3400635
1510572878 3400620
1510573734 3400623
1510630635 3400529
1510639383 3400529
1510642830 3400497
1510647631 3400208
1510711527 3400049
1510716652 3399944
1510724860 3399951
1510729411 3399805
1510733730 3399782
1510738162 3399801
1510796482 3399800
1510801257 3393573
1510802266 3393574
1510813507 3393608
1510818709 3393610
1510821015 3393647
1510823249 3393646
1510824222 3393640
1510835669 3393641
1511001282 3394159
1511104092 3394159
1511138305 3394160
1511138466 3394160
1511142253 3394165
1511148337 3394163
1511153241 3394151
1511155229 3394121
1511156134 3393853
1511156263 3393964
1511161330 3393977
1511162174 3393978
1511178727 3393982
1511181119 3393982
1511260957 3393990
1511265144 3394061
1511322390 3394055
1511327894 3394055
1511329002 3394061
1511330178 3394061
1511330301 3394061
1511333222 3394061
1511336446 3394061
1511339078 3394057
1511340107 3394064
1511340526 3394063
1511341217 3394063
1511342408 3394061
1511355649 3394263
1511356419 3394265
1511357112 3394266
1511417705 3394283
1511418634 3394283
1511434334 3350778
1511434789 3350763
1511439724 3350763
1511440387 3350763
1511440556 3350763
1511486371 3350763
1511492360 3350768
1511495136 3350770
1511501671 3350770
1511506518 3350781
1511506677 3350782
1511507847 3350774
1511508181 3350773
1511510610 3350772
1511513566 3350767
1511522416 3350767
1511591850 3350803
1511591863 3350810
1511593025 3350968
1511593513 3350955
1511598382 3350975
1511600757 3350975
1511602079 3350975
1511610054 3350518
1511759573 3350518
1511759950 3350518
1511760580 3350517
1511774170 3350662
1511779278 3350673
1511783313 3350666
1511784083 3350851
1511835839 3350885
1511845065 3350885
1511932589 3350890
1511933497 3350887
1512013877 3350887
1512020959 3350890
1512038686 3350890
1512044196 3350853
1512112883 3350864
1512113011 3350864
1512117835 3350825
1512119716 3350994
1512121930 3351289
1512124616 3351290
1512131164 3351292
1512185462 3351439
1512185956 3351439
1512355603 3351455
1512355988 3351457
1512359009 3351485
1512359468 3351488
1512371615 3351497
1512372081 3351497
1512386783 3351495
1512387233 3351495
1512461264 3353704
1512523992 3351496
1512526140 3353704
1512526804 3353704
1512527495 3353704
1512543978 3353708
1512544224 3353708
1512544689 3353743
1512546841 3353739
1512547259 3354919
1512553700 3354982
1512554694 3354983
1512558553 3354981
1512620584 3354984
1512623001 3354986
1512629318 3354981
1512699961 3354988
1512702160 3354996
1512995466 3354997
1512996440 3376084
1513042130 3376082
1513042715 3392048
1513073511 3392029
1513080600 3392029
1513080859 3392028
1513081149 3392025
1513081346 3392020
1513082071 3392025
1513127705 3392025
1513129749 3392025
1513129754 3459310
1513130030 3459310
1513134494 3782482
1513136316 3459310
1513136552 3459311
1513143587 3459319
1513147693 3459512
1513154693 3459305
1513155775 3459313
1513156377 3459307
1513158552 3459309
1513161170 3459309
1513163336 3459304
1513168111 3459303
1513168834 3460774
1513215626 3460774
1513235418 3461479
1513235526 3461460
1513235794 3461460
1513237267 3461460
1513240655 3461460
1513240923 3461460
1513241388 3477848
1513242144 3477921
1513242300 3461460
1513242842 3461357
1513244318 3461358
1513244426 3477921
1513246905 3477928
1513252221 3476750
1513299389 3476757
1513304661 3476757
1513304877 3476753
1513305046 3476752
1513307207 3476751
1513308161 3476752
1513311285 3476743
1513324323 3476742
1513325340 3476743
1513328456 3476724
1513334636 3476687
1513337302 3476687
1513399248 3476806
1513403598 3476855
1513404873 3476913
1513404918 3476905
1513408637 3476905
1513412092 3478276
1513574714 3478276
1513574953 3478276
1513577477 3488198
1513577833 3471673
1513582207 3471713
1513584196 3471713
1513588063 3471713
1513588304 3471713
1513594722 3471712
1513597235 3471711
1513598845 3471711
1513679655 3471709
1513682154 3470750
1513683133 3470753
1513684471 3470758
1513687493 3470759
1513740082 3470759
1513741867 3470759
1513753524 3470750
1513768679 3470554
1513769877 3470552
1513844698 3470572
1513845036 3470572
1513858672 3470572
1513858908 3470570
1513858991 3470566
1513860824 3470567
1513928083 3470567
1513932179 3470567
1513933276 3470583
1513933490 3470583
1513945732 3470583
1514175536 3470577
1514181059 3474136
1514186738 3474384
1514190285 3474283
1514194591 3474299
1514196002 3474285
1514196946 3474285
1514197023 3474281
1514197099 3474281
1514200051 3474280
1514201215 3474278
1514202357 3475986
1514255228 3475990
1514256486 3475985
1514257928 3475980
1514258869 3475981
1514259275 3475981
1514259887 3475982
1514261831 3475973
1514268744 3490389
1514271629 3475973
1514271656 3474265
1514271689 3474017
1514271710 3470458
1514274659 3470458
1514288461 3470499
1514290449 3470488
1514343898 3485173
1514352888 3470504
1514353494 3715583
1514353831 3715582
1514353938 3944680
1514354068 3944679
1514354133 3948315
1514358424 3948958
1514371758 3949059
1514376142 3949058
1514377775 3949057
1514378792 4061578
1514439711 4060625
1514440549 4064267
1514441081 4064266
1514443458 4063230
1514443470 4063276
1514448141 4065188
1514454743 4065183
1514455333 4065187
1514456078 4063901
1514457815 4063895
1514462839 4063895
1514513711 4023804
1514514745 4023825
1514515789 4023825
1514529652 4023825
1514531281 4023827
1514531590 4024105
1514531888 4019649
1514537315 4024101
1514537427 4024101
1514538516 4024102
1514548460 4023598
1514550143 4017224
1514550513 4017230
1514617628 4017230
1514621424 4017232
1514621648 4017232
1514870258 4017232
1514871182 4017216
1514872665 4017225
1514873576 4007761
1514874240 4007761
1514877450 4007761
1514878159 4007777
1514878657 4007777
1514880421 4007777
1514880998 4007778
1514883519 4007780
1514883970 4007780
1514892440 4007687
1514893320 4006286
1514895094 4006282
1514896023 4006271
1514896555 4006235
1514956937 4006235
1514957558 4006234
1514960656 4006230
1514970143 4006208
1514970228 4006206
1514972072 4006205
1514973231 4006205
1514973987 4006186
1514980520 4006183
1515030858 4006183
1515030950 4006183
1515414573 4006206
1515460448 4006206
1515486702 4006206
1515494237 4006206
1515497546 4006206
1515545790 4006206
1515549770 4006206
1515569542 4006216
1515569807 4006214
1515570094 4006215
1515572590 4006147
1515572891 4006147
1515573583 4006086
1515573883 4006082
1515575117 4006082
1515575187 4006082
1515582400 4006086
1515584619 4006086
1515586566 4006086
1515587504 4006086
1515642164 4006086
1515649598 4006089
1515649644 4006089
1515654062 4006092
1515655184 4006093
1515655917 4006093
1515656685 4006094
1515661174 4005839
1515661907 4005837
1515662555 4005809
1515663323 4005809
1515673038 4005447
1515674012 4005477
1515729446 4005477
1515729884 4005476
1515735779 4005464
1515735839 4005463
1515736887 4005463
1515737162 4005458
1515744346 3997667
1515748016 3997711
1515748131 3997710
1515750263 3997713
1515760582 3997684
1515824682 3997769
1515825014 3997769
1515825258 3997787
1515829795 3997783
1515846723 3997771
1515847315 3997771
1515847545 3997770
1515982039 3997774
1515984117 3997775
1515986459 3997784
1515987305 3997784
1515987680 3997784
1515987895 3997784
1515988049 3997784
1515993507 3997784
1515995616 3997733
1515996477 3997732
1515997239 3997726
1516010578 3997805
1516010860 3997805
1516013109 3997809
1516081589 3997808
1516093381 3997775
1516094915 3997772
1516095944 3997772
1516096664 3997772
1516097541 3997769
1516158123 3997765
1516162060 3997764
1516167408 3997764
1516168803 3997766
1516168923 3997764
1516170991 3997762
1516171728 3997762
1516173022 3997757
1516174437 3998425
1516180245 3998448
1516182085 3998476
1516182707 3998477
1516182824 3998473
1516192259 3998402
1516238805 3998402
1516239050 3998414
1516245945 3998421
1516260942 3998510
1516261016 3998510
1516262908 3998511
1516264286 3998511
1516267356 3998626
1516274899 3998635
1516341808 3998643
1516345631 3998933
1516345965 3998933
1516346616 3998931
1516346973 3998879
1516347191 3998879
1516348000 3998896
1516348754 3998909
1516362036 3998909
1516365152 3998800
1516365304 3998806
1516366360 3998792
1516418421 3998814
1516428538 3998802
1516436441 3998804
1516442489 3998803
1516446488 3998805
1516584587 4000714
1516584875 4000714
1516585225 4000716
1516585842 4000716
1516586960 4000722
1516590623 4000722
1516598821 4000724
1516599798 4000724
1516602108 4000724
1516605910 4000744
1516606009 4000744
1516608339 4000743
1516614022 4000778
1516614204 4000756
1516616149 4000741
1516616884 4000737
1516766285 4000735
1516769683 4000737
1516777145 4001058
1516778532 4001089
1516779534 4001091
1516785842 4001193
1516788090 4001176
1516788897 4001177
1516789607 4001179
1516793574 4001182
1516845224 4001159
1516847561 4001159
1516847776 4002116
1516850761 4002117
1516850980 4002117
1516852210 4002118
1516852624 4002118
1516853006 4002118
1516867146 4016884
1516868316 4003075
1516869620 4003077
1516942014 4004526
1516943925 4004527
1516956396 4005006
1516957539 4005006
1516961326 4005086
1516962344 4005102
1516964037 4004149
1516969378 4004144
1517024918 4004150
1517025539 4004120
1517026972 4004121
1517029986 4004146
1517030972 4004347
1517031751 4004344
1517035921 4004354
1517037034 4004367
1517037684 4004373
1517037737 4004373
1517040332 4004378
1517041137 4004378
1517054136 4004384
1517205833 4004387
1517208457 4004395
1517221525 4004379
1517225410 4004379
1517291146 4004379
1517294040 4004383
1517294399 4004383
1517297752 4004383
1517544826 4004383
1517635522 4004383
1517635705 4004384
1517636506 4004383
1517976250 4004382
1517976353 4004382
1517983125 4004382
1517986799 4004379
1517986954 4004379
1517989815 4004375
1517991012 4004371
1517991523 4004388
1517993209 4004391
1517998026 4004621
1517998939 4004621
1518003505 4004622
1518006852 4004622
1518006925 4004622
1518058668 4058688
1518059295 4058667
1518063593 4058661
1518066055 4058661
1518066385 4058661
1518066681 4058663
1518068101 4063175
1518068206 4063174
1518071005 4063182
1518077434 4062949
1518078429 4063081
1518078859 4063083
1518079496 4063211
1518091688 4063212
1518140698 4063212
1518153207 4063226
1518155536 4063236
1518159143 4066484
1518159243 4066484
1518161372 4067162
1518161936 4067169
1518165897 4067185
1518166598 4067185
1518166736 4141048
1518167432 4141024
1518167624 4141024
1518169991 4141126
1518170239 4141119
1518176967 4141119
1518179269 4141119
1518179707 4141203
1518318611 4141232
1518319850 4141302
1518321020 4141428
1518321524 4141428
1518321598 4141428
1518327251 4142065
1518328690 4145018
1518331488 4145021
1518332214 4145019
1518335408 4147071
1518337978 4147073
1518338258 4147074
1518338302 4147074
1518339218 4150593
1518341659 4150585
1518398308 4150283
1518422409 4150286
1518423731 4150286
1518427007 4149676
1518428681 4149669
1518433868 4149657
1518489109 4149657
1519625626 4147364
1519626463 4147367
1519644778 4148346
1519649856 4148346
1519701823 4148357
1519704352 4148366
1519704509 4143537
1519706075 4143534
1519709700 4143577
1519719774 4144011
1519721383 4178666
1519722612 4178702
1519723856 4177420
1519725817 4177104
1519726108 4177129
1519729462 3643506
1519729802 3606936
1519730707 3592830
1519730751 4176963
1519731005 3592832
1519731831 3594133
1519732411 3594133
1519733583 3594558
1519868319 3594542
1519869129 3594542
1519870961 3596187
1519873604 3595712
1519876379 3601026
1519876740 3601026
1519885050 3600767
1519897163 3600658
1519899543 3600608
1519952780 3643336
1519953665 3643342
1519963528 3642285
1519965977 3642288
1519968210 3642288
1519973231 3641131
1519978759 3641143
1519979670 3641143
1520045628 3641062
1520047997 3641076
1520060069 3640998
1520060987 3641002
1520218845 3641232
1520219480 3641241
1520226175 3641067
1520227123 3641067
1520227638 3641063
1520229307 3641072
1520232782 3641072
1520235084 3641071
1520235799 3641308
1520236630 3641307
1520236781 3641307
1520240487 3641242
1520241070 3641242
1520242565 3641214
1520242848 3641215
1520243087 3641216
1520246211 3641050
1520324130 3640791
1520326759 3639063
1520327223 3639063
1520327446 3639063
1520327681 3638997
1520329096 3638919
1520409497 3638500
1520410098 3638497
1520413357 3638476
1520413976 3638475
1520415301 3638478
1520420979 3638477
1520476921 3638481
1520489823 3638474
1520490100 3638475
1520490775 3638475
1520490866 3638474
1520491870 3638474
1520495051 3638465
1520495229 3638466
1520497515 3638498
1520497856 3638487
1520498025 3638487
1520498953 3638483
1520499916 3638460
1520505039 3638460
1520507342 3638454
1520510658 3638455
1520510997 3638450
1520560240 3638438
1520561748 3638410
1520562285 3637456
1520562894 3637458
1520563915 3637458
1520577728 3637449
1520582687 3637462
1520582923 3637462
1520582998 3637462
1520586155 3637469
1520589852 3637450
1520597067 3637400
1520822017 6962625
1520822098 6962624
1520823331 3637404
1520825312 3637402
1520826405 3637402
1520826727 3637408
1520827174 3637404
1520827394 3637401
1520833139 3637411
1520834219 3637399
1520837872 3637199
1520838008 3637401
1520843150 3637403
1520843872 3637417
1520843938 3637388
1520844855 3637417
1520847074 3637420
1520847873 3637420
1520848436 3637420
1520848826 3637421
1520848884 3637478
1520851971 3637401
1520852701 3637401
1520855712 3637580
1520855810 3637100
1520906728 3638130
1520907612 6979482
1520907975 3637098
1520911516 3637240
1520911540 3640708
1520912779 3640708
1520913392 6979446
1520922874 3640713
1520923386 3640713
1520923822 3640715
1520929930 3640841
1520930355 7078669
1520932432 3640843
1520932657 3640843
1520932952 3640855
1520933611 3640851
1520934307 3640854
1520934482 3640854
1520944312 7078581
1520993212 7078581
1520995988 7078583
1520998026 7078584
1520999326 7076356
1521002213 7076338
1521005704 7076346
1521006067 7076346
1521006653 7076341
1521013666 7076371
1521018935 7076378
1521019141 7076378
1521019780 7076379
1521020916 7076342
1521023501 7076323
1521024531 7076323
1521028612 7076323
1521029374 7076338
1521193125 7076345
1521201861 7076356
1521202231 7076356
1521252500 7076351
1521264633 7076309
1521425778 7076308
1521430614 7096739
1521431198 7128972
1521438771 7126399
1521528518 7126397
1521528686 7126396
1521531633 7126399
1521710055 7126399
1521723351 7126229
1521776359 7126269
1521803506 7126301
1521804683 7126311
1521807186 7126317
1521949145 7126316
1521950337 7126318
1521958016 7126318
1522030036 7126316
1522033798 7126331
1522036700 7126346
1522043720 7126409
1522049800 7126409
1522052363 7126408
1522053621 7126408
1522060133 7126416
1522061102 7126414
1522061541 7126412
1522068007 7126411
1522122039 7126399
1522122424 7126394
1522122976 7126376
1522123302 7126372
1522124757 7126372
1522125199 7126372
1522130698 7126372
1522132275 7126372
1522137287 7126358
1522137457 7126363
1522137698 7126363
1522138791 7126362
1522142252 7146404
1522142405 7146404
1522142717 7146404
1522143210 7146394
1522153405 7146394
1522204845 7143659
1522208702 7143661
1522217021 7143661
1522226015 7143661
1522227442 7143661
1522227654 7143661
1522228164 7143661
1522229861 7143668
1522231202 7143668
1522233090 7143556
1522234046 7143555
1522238442 7143543
1522238868 7143537
1522239560 7143538
1522290523 7143535
1522293037 7143525
1522295029 7143524
1522295555 7143390
1522296011 6733842
1522299065 6733843
1522299552 6733851
1522300753 6733876
1522300942 6733879
1522302998 6733829
1522312360 6506620
1522313840 6506620
1522314193 6506620
1522316888 6506620
1522376387 6506670
1522377479 6506701
1522382451 6506704
1522387884 6506704
1522392376 6506704
1522392583 6506704
1522393694 6506709
1522394472 6506732
1522394668 6509052
1522394906 6509052
1522395186 6509053
1522395340 6506722
1522395442 6506722
1522395999 6506722
1522400551 6506724
1522411796 6506723
1522412950 6506730
1522413545 6506754
1522469226 6506755
1522470065 6506763
1522471132 6506758
1522471670 6506753
1522472228 6506754
1522476962 6506753
1522478133 6506749
1522480367 6506723
1522485580 6506723
1522490737 6506835
1522490840 6506835
1522491603 6506836
1522491658 6506837
1522492148 6506839
1522492382 6506839
1522630804 6506840
1522633399 6506826
1522633525 6506826
1522633683 6506844
1522641295 6506829
1522641461 6506829
1522641916 6506825
1522646553 6506819
1522646853 6506814
1522649914 6506814
1522650932 6505143
1522655669 6505204
1522656046 6505213
1522656990 6505216
1522659835 6505212
1522661537 6505207
1522805094 6505206
1522814275 6505222
1522814981 6505221
1522820792 6505221
1522827509 6508069
1522840385 6508069
1522840963 6508062
1522841001 6508063
1523240830 6508062
1523252136 6508062
1523256729 6508062
1523257700 6508062
1523276431 6507931
1523330514 6507931
1523332946 6507927
1523339524 6507927
1523348233 6507927
1523359103 6507929
1523413542 6507929
1523413609 6507929
1523418398 6507929
1523418661 6507929
1523419100 6507931
1523428957 6507921
1523435937 6507921
1523436315 6507924
1523446518 6507924
1523498771 6508155
1523505202 6508155
1523512619 6612066
1523515096 6612060
1523515511 6508152
1523520270 6508152
1523520345 6513308
1523523723 6513308
1523525749 6513308
1523588493 6513308
1523590425 6513308
1523590535 6513308
1523621369 6513308
1523849675 6513308
1523861302 6513308
1523863055 6513308
1523871143 6513308
1523871460 6513275
1523878540 6513276
1523936325 6513276
1524023034 6513276
1524038755 6513276
1524102254 6513277
1524128507 6513277
1524130477 6510740
1524202469 6510817
1524205584 6510817
1524207614 6510823
1524207729 6510824
1524210714 6510821
1524213145 6510643
1524215062 6510643
1524227224 6510643
1524459502 6510654
1524463411 6510654
1524469674 6510654
1524470596 6510654
1524473013 6510654
1524474135 6510654
1524538696 6523257
1524539248 6523257
1524539945 6523277
1524542060 6523329
1524548820 6523327
1524548978 6523329
1524551224 6523329
1524551825 6523329
1524552103 6523329
1524557585 6523329
1524561714 6523329
1524564124 6523319
1524569960 6523347
1524571027 6523350
1524572116 6523339
1524572779 6523339
1524619426 6523119
1524622199 6523118
1524626652 6523073
1524628244 6523068
1524710612 6523068
1524714844 6523062
1524723001 6523053
1524735807 6523053
1524736922 6523051
1524792125 6523047
1524792246 6523046
1524794339 6523002
1524803423 6523001
1524814649 6523002
1524814907 6522938
1524815591 6522938
1524816251 6522937
1524820067 6522937
1524821091 6523007
1524821540 6523007
1524895220 6523007
1524914329 6523007
1525231774 6522996
1525232301 6522996
1525244117 6522968
1525247342 6522967
1525256380 6522979
1525257275 6522977
1525257632 6522977
1525261000 6522930
1525262183 7878390
1525263895 7874632
1525310235 6731844
1525310446 4778118
1525310818 4778121
1525332629 4778462
1525333291 4778679
1525341089 4778681
1525400688 4778682
1525400723 4778735
1525405414 3986045
1525405901 3986085
1525413400 3986085
1525659417 3986085
1525663273 3986085
1525669717 3986085
1525670171 3986085
1525679201 3986085
1525691615 3986084
1525751587 3986301
1525764353 3986340
1525766154 3986340
1525769245 3986231
1525769321 3986229
1525773005 3986248
1525773639 3986247
1525777364 3986247
1525779375 3986246
1525780051 4003316
1525782476 4003321
1526005953 4003321
1526006133 4003321
1526006413 4003316
1526007334 4003300
1526008431 4003300
1526022031 4043876
1526022161 4043876
1526023889 4043887
1526026347 4043191
1526027244 4043250
1526027312 4043250
1526027633 4043251
1526027664 4043247
1526027746 4043247
1526029234 4043222
1526030712 4050606
1526031413 4050606
1526111924 4050663
1526115061 4050880
1526118332 4050663
1526118344 4050606
1526118636 4050598
1526118736 4050598
1526118764 4050598
1526118779 4050587
1526119107 4050583
1526260466 4050590
1526264421 4050588
1526266631 4050606
1526275966 4050605
1526287026 4050601
1526289235 4050601
1526289311 4050601
1526290520 4050601
1526291140 4051275
1526297170 4051275
1526351800 4051973
1526353155 4051973
1526353322 4051973
1526380778 4051973
1526442623 4051974
1526951318 4051974
1526988441 4051985
1526992610 4051962
1527045702 4051962
1527061376 4051964
1527062217 4052549
1527070086 4051964
1527070213 4051964
1527077388 4052603
1527079244 4052600
1527080583 4052544
1527123794 4052546
1527124605 4052546
1527565693 4052545
1527734316 4052545
1528078717 4052545
1528089604 4052545
1530265886 4052547
1530493304 4052547
1530508055 4053508
1530621707 4053450
1531190858 4053375
1531367054 4053376
1531367382 4053376
1531465175 4053453
1532162040 4053453
1532331271 4053802
1532331376 4053801
1532332718 4053801
1532333526 4053795
1532336908 4053807
1532339312 4053809
1532342878 4053809
1532915980 4053810
1532933433 4053810
1532934413 4053810
1532936353 4053840
1533124719 4053840
1533212717 4053845
1534210667 4053840
1534312749 4071680
1534328177 4071675
1534504928 4071668
1534579455 4071665
1534756285 4071659
1534822650 4071685
1534838727 4071693
1534844109 4071694
1534927722 4053893
1534935243 4053893
1534936049 4053901
1534936128 4053945
1534995002 4053950
1534996252 4053907
1534996724 4053907
1535011049 4053907
1535012965 4053907
1535013634 4053909
1535013691 4053907
1535014415 4053914
1535021079 4053914
1535023028 4053916
1535073422 4053918
1535076064 4053922
1535094786 4053923
1535096289 4053924
1535098864 4053924
1535109743 4053910
1535184436 4053913
1535360499 4053913
1535361795 4053914
1535370923 4053919
1535373153 4053916
1535373277 4053918
1535418397 4053917
1535627181 4055047
1535704962 4055292
1535707454 4055293
1535708527 4055301
1535709686 4055301
1535710031 4040685
1535721862 4040783
1535961023 4040783
1535963414 4040783
1535963518 4040783
1536029504 4040777
1536047917 4040777
1536048775 4040776
1536112772 4040964
1536114695 4040965
1536115972 4040966
1536125698 4040965
1536125776 4040994
1536126626 4040966
1536130127 4040994
1536130528 4040994
1536137609 4040996
1536141714 4040987
1536148577 4040826
1536199717 4040824
1536206123 4040834
1536219647 4040844
1536285427 4040844
1536289194 4040796
1536289842 4040796
1536290271 4040814
1536290716 4040812
1536298540 4040812
1536301856 4040810
1536308580 4040810
1536311479 4040810
1536319602 4040826
1536373897 4040827
1536393675 4040820
1536565405 4040789
1536574987 4040789
1536575084 4040794
1536575414 4040794
1536581196 4040795
1536582714 4040784
1536633142 4040789
1536634282 4040777
1536652775 4046744
1536667052 4046744
1536908969 4046780
1536910835 4046780
1536924773 4046809
1536925436 4046809
1537240197 4046809
1537263846 4046809
1537263905 4046809
1537268292 4046813
1537268964 4046817
1537323792 4046663
1537323950 4046663
1537324282 4046662
1537326064 4046618
1537347632 4046545
1537350242 4046565
1537360463 4046561
1537408356 4046561
1537420948 4046560
1537435182 4046543
1537496337 4046549
1537509770 4046547
1537509838 4046543
1537511203 4046544
1537512998 4046544
1537514997 4046429
1537515226 4046429
1537516285 4046429
1537516984 4046424
1537519451 4046418
1537933802 4048630
1537934500 4046415
1537940714 4046414
1537948574 4046419
1537956968 4046418
1538022163 4046429
1538035841 4046429
1538120796 4046421
1538123839 4048599
1538137867 4048599
1538184450 4048612
1538273423 4048290
1538273898 4048292
1538296026 4048296
1538299988 4048294
1538301938 4048294
1538308254 4048298
1538961730 4048300
1538963236 4048302
1538963550 4048300
1538965838 4048382
1538966691 4039001
1538967005 4048402
1538967140 4039001
1538982234 4039020
1538984753 4039014
1538986184 4039012
1538989052 4039021
1538989195 4039022
1538995204 4039020
1538997926 4039020
1539061617 4042770
1539065031 4042788
1539065590 4042788
1539069060 4042788
1539141024 4042788
1539152651 4042786
1539154530 4042714
1539155174 4042713
1539161584 4042723
1539163104 4042732
1539163168 4042723
1539170953 4042732
1539174015 4045030
1539174306 4045037
1539222612 4046184
1539224845 4046185
1539225633 4046185
1539232624 4046204
1539235537 4046204
1539236772 4046199
1539244371 4046170
1539251358 4046175
1539306334 4046175
1539308123 4046179
1539308199 4046179
1539321747 4046221
1539572381 4046222
1539594403 4046274
1539594732 4046272
1539595596 4046273
1539606738 4046281
1539651304 4046280
1539653539 4046276
1539659576 4046293
1539660678 4046294
1539660762 4046294
1539661211 4046298
1539661500 4046298
1539674327 4046298
1539682230 4046371
1539682550 4046371
1539741176 4046371
1539747404 4046399
1539747899 4046401
1539762027 4046401
1539763249 4046401
1539764386 4046401
1539769366 4046395
1539773810 4046395
1539851108 4046395
1539851203 4046395
1539859796 4046415
1539861275 4046413
1539861551 4046412
1539916444 4046412
1539917493 4046413
1539918464 4046413
1539918854 4046413
1539919232 4046413
1539925929 4046409
1539926447 4046411
1539928298 4046638
1539929627 4071553
1539929849 4071557
1539930301 4071556
1539930998 4112681
1539931306 4112684
1539931660 4112683
1539933299 4116726
1539933456 4116726
1539935750 4116726
1539937912 4116732
1539944387 4116744
1540172455 4116740
1540172662 4116740
1540172807 4116730
1540174705 4116735
1540175489 4116736
1540175751 4116736
1540176287 4116736
1540176473 4116739
1540177774 4116739
1540178103 4116738
1540179661 4116718
1540186493 4116721
1540188746 4116716
1540196394 4116717
1540262365 4116717
1540262507 4116718
1540347655 4116718
1540434374 4116718
1540543229 4116722
1541382388 4116724
1541506338 4116732
1541506389 4116726
1541553173 4116713
1541571549 4116724
1541573206 4116718
1541648630 4116610
1541666535 4116634
1541991867 4116634
1542251989 4116643
1542267636 4116645
1542963153 4116653
1544095061 4116809
1544169624 4117052
1544497774 4117057
1544517538 4116987
1544680620 4116988
1544758818 4159950
1548380639 3752389
1552907549 4159950
1553066532 4118505
1553068624 4177632
1553072999 4177623
1553073788 4177608
1553138635 4075910
1553140213 4029255
1553145550 4029260
1553159163 3202942
1553159373 3202945
1553224413 3199664
1553225982 3199663
1553226530 3199681
1553233781 3199681
1553243446 3198674
1553243937 3198679
1553244903 3198675
1553245845 3198675
1553245946 3198674
1553249115 3199314
1553250803 3199293
1553252710 3199310
1553254839 3199310
1553315401 3199320
1553317818 3199320
1553320136 3199322
1553327008 3199306
1553331740 3199318
1553479049 3199315
1553483180 3199315
1553485310 3199323
1553494279 3199331
1553495311 3199335
1553495715 3199336
1553500046 3199363
1553501265 3199362
1553502483 3199363
1553503405 3199364
1553506110 3198244
1553565195 3198244
1553570059 3196988
1553570931 3197004
1553571417 3197004
1553580114 3197011
1553580900 3197011
1553584062 3197011
1553585394 3197018
1553602950 3197025
1553650978 3197029
1553651253 3197029
1553657639 3197049
1553760891 3197110
1553771623 3197111
1553919205 3197130
1553919568 3197130
1554081597 3197130
1554083733 3197131
1554084533 3197151
1554110231 3196176
1554110620 3196177
1554110949 3196177
1554111787 3196177
1554112589 3196177
1554176324 3196177
1554346982 3215489
1554357202 3195815
1554359931 3195811
1554364720 3195809
1554368805 3195809
1554374677 3195833
1554714300 3194932
1554775211 3214430
1554776592 3211736
1554776985 3211745
1554780136 3211747
1554795282 3211755
1554796368 3212512
1554802918 3212513
1554809146 3212513
1554859374 3212503
1554876839 3213205
1554881759 3213206
1554949424 3213206
1554950918 3213206
1554976417 3213376
1554976496 3213377
1554977039 3213379
1555498237 3213381
1555557105 3213379
1555557631 3213380
1555559368 3213388
1555571046 3213383
1555579246 3213389
1555583637 3213388
1555583844 3213389
1555640347 3213389
1555643741 3213394
1555656314 3213392
1555668045 3212326
1555672458 3212340
1555675700 3212339
1555896540 3212340
1555910973 3212327
1555911559 3212317
1555916882 3212336
1555987536 3212368
1555993517 3212266
1555997323 3212264
1556004712 3212264
1556013026 3212264
1556013996 3212264
1556020512 3212264
1556085996 3212256
1556106778 3212302
1556171346 3212276
1556185701 3212330
1556248414 3212113
1556524024 3212110
1556587421 3212110
